1710361020
1710361021
1710361035
1710361036
1710361050
1710361051
1710361066
1710361066
1710361081
1710361081
1710361095
1710361095
1710361112
1710361112
1710361128
1710361128
1710361143
1710361143
1710361157
1710361157
1710361172
1710361173
1710361187
1710361188
1710361202
1710361202
1710361216
1710361216
1710361231
1710361231
1710361245
1710361246
1710361260
1710361260
1710361276
1710361276
1710361290
1710361290
1710361305
1710361305
1710361320
1710361321
1710361336
1710361336
1710361350
1710361350
1710361365
1710361365
1710361381
1710361381
1710361396
1710361396
1710361411
1710361411
1710361426
1710361426
1710361441
1710361441
1710361456
1710361456
1710361470
1710361470
1710361485
1710361485
1710361500
1710361500
1710361516
1710361516
1710361531
1710361531
1710361546
1710361546
1710361561
1710361561
1710361575
1710361576
1710361590
1710361590
1710361605
1710361605
1710361620
1710361620
1710361636
1710361636
1710361650
1710361651
1710361674
1710361674
1710361689
1710361689
1710361704
1710361704
1710361719
1710361719
1710361733
1710361733
1710361748
1710361748
1710361764
1710361764
1710361779
1710361780
1710361794
1710361794
1710361809
1710361809
1710361824
1710361824
1710361838
1710361838
1710361852
1710361852
1710361866
1710361866
1710361880
1710361880
1710361894
1710361894
1710361908
1710361908
1710361922
1710361922
1710361936
1710361936
1710361950
1710361950
1710361964
1710361964
1710361978
1710361978
1710361992
1710361992
1710362007
1710362007
1710362021
1710362021
1710362035
1710362035
1710362049
1710362049
1710362063
1710362063
1710362077
1710362077
1710362091
1710362091
1710362105
1710362105
1710362119
1710362119
1710362133
1710362133
1710362147
1710362147
1710362162
1710362162
1710362177
1710362177
1710362192
1710362192
1710362207
1710362207
1710362222
1710362222
1710362236
1710362236
1710362251
1710362251
1710362266
1710362266
1710362281
1710362281
1710362295
1710362296
1710362311
1710362311
1710362326
1710362326
1710362347
1710362348
1710362362
1710362362
1710362377
1710362377
1710362391
1710362391
1710362407
1710362407
1710362422
1710362423
1710362437
1710362438
1710362453
1710362453
1710362469
1710362469
1710362483
1710362484
